2	254	1
2	400	1
2	401	1
2	408	1
2	877	1
2	878	1
2	1115	2
2	1204	3
2	1271	1
2	1273	1
2	1361	1
2	1482	1
2	1508	2
2	1535	1
2	1578	1
2	1721	1
2	1734	2
2	2146	1
2	2150	1
2	2280	1
2	2389	1
2	2407	1
2	2472	1
2	2601	1
2	2653	1
2	2706	1
2	2984	1
2	3067	1
2	3397	2
2	3951	1
2	4245	1
2	4742	1
2	4872	1
2	5008	1
2	5114	3
2	5172	1
2	5179	1
2	5188	2
2	5237	2
2	5312	1
2	5327	3
2	5335	1
2	5351	1
2	5468	1
8	80	1
8	255	1
8	824	1
8	881	2
8	1521	1
8	1696	1
8	1734	1
8	1911	1
8	2389	1
8	2411	1
8	2726	1
8	2771	1
8	2984	1
8	3100	1
8	3118	1
8	3132	2
8	3410	1
8	4318	1
8	5068	1
8	5114	1
8	5738	1
28	47	3
28	116	3
28	254	4
28	291	2
28	449	2
28	777	1
28	881	1
28	984	3
28	1115	1
28	1482	1
28	1529	2
28	1721	1
28	2008	4
28	2062	1
28	2150	1
28	2407	1
28	2472	4
28	2484	4
28	2519	4
28	3045	1
28	3067	3
28	3132	1
28	3261	1
28	3269	4
28	3330	1
28	3397	1
28	3517	1
28	3748	1
28	3951	1
28	4182	1
28	4187	2
28	4191	3
28	4285	2
28	4348	3
28	4606	1
28	4657	1
28	4678	1
28	5039	1
28	5049	3
28	5114	2
28	5173	3
28	5179	1
28	5230	1
28	5237	1
28	5270	1
28	5327	4
28	5331	1
28	5335	1
28	5418	1
28	5639	1
28	5652	1
28	5654	1
28	5738	1
28	5872	2
47	116	1
47	254	2
47	291	1
47	984	2
47	1115	1
47	1121	1
47	1529	4
47	1720	1
47	2008	2
47	2062	1
47	2407	3
47	2472	2
47	2484	2
47	2519	2
47	2726	1
47	3045	1
47	3067	3
47	3261	1
47	3269	2
47	3410	1
47	3517	1
47	3741	1
47	3748	2
47	3863	1
47	3951	1
47	4182	1
47	4187	1
47	4191	2
47	4285	1
47	4348	2
47	4622	1
47	5049	2
47	5114	1
47	5173	2
47	5179	1
47	5270	1
47	5306	1
47	5327	3
47	5652	2
47	5872	1
59	116	1
59	254	1
59	309	1
59	570	1
59	881	1
59	1024	2
59	1245	1
59	1429	1
59	1482	1
59	1521	1
59	1529	1
59	1846	1
59	2008	1
59	2472	1
59	2658	1
59	3442	1
59	4828	1
59	5179	1
59	5230	1
59	5237	1
59	5633	1
59	5738	1
59	5802	1
59	5872	1
80	254	1
80	255	5
80	376	1
80	449	1
80	772	1
80	777	1
80	881	1
80	895	1
80	984	1
80	1040	1
80	1115	2
80	1121	1
80	1482	1
80	1529	1
80	1574	1
80	1590	1
80	1595	1
80	1696	1
80	1720	1
80	1727	1
80	1734	5
80	1846	1
80	1911	2
80	2002	1
80	2062	2
80	2067	1
80	2150	1
80	2407	2
80	2411	1
80	2472	1
80	2607	2
80	2726	1
80	2866	2
80	2984	2
80	3067	2
80	3100	1
80	3118	2
80	3132	4
80	3397	1
80	3517	1
80	3748	1
80	3928	2
80	3957	2
80	3981	1
80	4169	1
80	4187	1
80	4206	1
80	4245	1
80	4251	1
80	4509	1
80	4539	1
80	4606	1
80	5039	1
80	5049	3
80	5068	1
80	5114	9
80	5306	1
80	5312	1
80	5327	7
80	5335	1
80	5351	1
80	5418	2
80	5526	2
80	5621	1
80	5654	1
80	5738	1
80	5753	1
111	116	6
111	177	1
111	254	5
111	376	1
111	640	4
111	984	2
111	1121	1
111	1173	1
111	1204	1
111	1529	1
111	1875	1
111	2002	1
111	2008	7
111	2117	1
111	2472	7
111	2484	1
111	2519	6
111	2708	1
111	2866	1
111	3067	2
111	3261	4
111	3269	4
111	3371	2
111	3442	3
111	3863	1
111	3951	1
111	4169	2
111	4184	1
111	4191	2
111	4285	1
111	4509	2
111	4521	1
111	4615	1
111	5049	1
111	5114	1
111	5237	3
111	5306	1
111	5464	1
111	5526	1
111	5753	1
111	5802	1
111	5852	1
111	5872	1
116	254	20
116	255	1
116	297	1
116	309	1
116	339	1
116	376	1
116	408	1
116	413	1
116	449	1
116	463	1
116	570	1
116	640	3
116	749	3
116	925	1
116	984	9
116	1024	2
116	1040	1
116	1121	2
116	1173	1
116	1204	1
116	1245	1
116	1529	2
116	1678	1
116	1721	1
116	1875	1
116	2002	1
116	2008	18
116	2062	2
116	2150	1
116	2472	22
116	2484	5
116	2519	19
116	2708	2
116	2863	1
116	2866	1
116	2956	1
116	3045	1
116	3067	7
116	3128	1
116	3183	2
116	3261	7
116	3269	15
116	3330	2
116	3371	3
116	3442	5
116	3517	1
116	3811	1
116	3863	3
116	3951	2
116	3979	1
116	4018	3
116	4169	3
116	4182	2
116	4184	2
116	4187	2
116	4191	5
116	4285	7
116	4304	1
116	4318	1
116	4348	7
116	4445	1
116	4509	2
116	4521	1
116	4606	1
116	4828	1
116	5039	1
116	5049	6
116	5114	5
116	5173	4
116	5237	4
116	5270	1
116	5306	1
116	5327	4
116	5351	1
116	5418	3
116	5464	1
116	5526	3
116	5639	2
116	5738	3
116	5753	1
116	5784	1
116	5802	2
116	5852	1
116	5872	5
177	255	1
177	408	1
177	640	1
177	1204	1
177	1535	1
177	2117	2
177	3132	1
177	3243	1
177	3251	1
177	5114	1
177	5464	1
254	255	3
254	291	1
254	309	1
254	339	2
254	408	2
254	413	1
254	449	1
254	463	1
254	570	1
254	640	4
254	749	2
254	845	1
254	925	3
254	984	13
254	1024	3
254	1025	1
254	1040	2
254	1121	6
254	1173	2
254	1176	1
254	1204	2
254	1245	1
254	1364	1
254	1429	1
254	1482	1
254	1529	8
254	1574	1
254	1678	1
254	1696	1
254	1875	1
254	2002	1
254	2008	20
254	2062	2
254	2146	1
254	2150	2
254	2407	1
254	2472	43
254	2484	14
254	2519	26
254	2607	1
254	2693	1
254	2708	2
254	2863	1
254	2866	4
254	2956	1
254	2984	2
254	3045	2
254	3067	18
254	3128	1
254	3132	1
254	3183	3
254	3243	1
254	3261	11
254	3269	17
254	3330	2
254	3371	3
254	3397	1
254	3442	4
254	3517	4
254	3607	1
254	3628	1
254	3741	1
254	3811	3
254	3863	5
254	3928	1
254	3951	4
254	3957	1
254	3979	1
254	4018	2
254	4169	6
254	4182	3
254	4184	3
254	4187	3
254	4191	8
254	4285	8
254	4304	2
254	4318	1
254	4348	11
254	4445	1
254	4509	1
254	4622	1
254	4691	1
254	4707	1
254	4742	1
254	4828	1
254	4860	3
254	4947	1
254	5039	5
254	5049	10
254	5114	9
254	5173	5
254	5189	1
254	5237	6
254	5270	4
254	5306	1
254	5327	13
254	5335	1
254	5351	1
254	5418	2
254	5464	1
254	5468	2
254	5526	3
254	5633	1
254	5639	3
254	5738	4
254	5753	1
254	5784	3
254	5802	3
254	5852	2
254	5872	5
255	309	3
255	376	4
255	408	3
255	463	2
255	772	1
255	881	3
255	984	1
255	1024	1
255	1115	1
255	1176	1
255	1204	2
255	1214	3
255	1364	1
255	1535	3
255	1574	1
255	1603	2
255	1696	1
255	1734	6
255	1911	1
255	2008	1
255	2274	1
255	2407	2
255	2411	1
255	2472	4
255	2519	2
255	2653	1
255	2674	1
255	2690	1
255	2693	1
255	2706	1
255	2711	1
255	2726	2
255	2863	3
255	2866	1
255	2984	3
255	2995	1
255	3067	2
255	3100	1
255	3118	1
255	3132	6
255	3203	1
255	3243	6
255	3251	2
255	3269	1
255	3335	1
255	3410	1
255	3517	2
255	3607	3
255	3608	3
255	3777	1
255	3863	2
255	3957	2
255	3981	2
255	4003	1
255	4206	2
255	4212	1
255	4245	1
255	4251	1
255	4324	1
255	4445	1
255	4509	1
255	4521	1
255	4539	1
255	4575	1
255	4622	1
255	4657	1
255	4742	1
255	4860	1
255	5039	1
255	5049	1
255	5068	1
255	5114	12
255	5179	1
255	5188	1
255	5306	1
255	5312	1
255	5327	6
255	5331	2
255	5335	1
255	5351	1
255	5418	3
255	5438	1
255	5621	1
255	5738	3
255	5784	1
255	5802	1
291	339	2
291	881	1
291	984	1
291	1482	1
291	1529	1
291	1720	1
291	2008	1
291	2146	1
291	2472	1
291	2479	1
291	2484	1
291	2519	1
291	3067	1
291	3098	1
291	3132	1
291	3269	1
291	3951	2
291	3981	1
291	4191	1
291	4285	1
291	4348	1
291	4521	1
291	4670	1
291	4707	1
291	4742	1
291	4789	1
291	5114	1
291	5173	1
291	5237	1
291	5270	1
291	5312	1
291	5327	1
291	5872	1
297	570	1
297	749	1
297	1040	1
297	1429	1
297	1721	1
297	2008	1
297	2472	1
297	2519	1
297	3113	1
297	3269	1
297	3330	1
297	4018	1
297	4235	1
297	4285	1
297	4606	1
297	4995	1
297	4998	1
297	5008	1
297	5309	1
297	5418	1
297	5526	1
297	5872	1
309	408	1
309	463	2
309	777	1
309	868	1
309	881	1
309	1024	1
309	1245	1
309	1361	1
309	1482	2
309	1529	1
309	1603	2
309	1734	2
309	1911	1
309	2062	1
309	2146	1
309	2150	1
309	2407	1
309	2472	1
309	2519	1
309	2653	1
309	2676	1
309	2690	1
309	2693	1
309	2711	1
309	2863	1
309	3410	1
309	3863	1
309	3957	1
309	4235	1
309	4509	1
309	4521	1
309	4606	1
309	4742	1
309	4995	1
309	4999	1
309	5008	2
309	5331	1
309	5335	1
309	5418	1
309	5423	1
309	5430	1
309	5526	1
309	5633	1
309	5738	7
309	5802	1
339	1040	1
339	1058	1
339	1204	1
339	1482	1
339	1529	3
339	1696	1
339	1720	1
339	2008	1
339	2472	5
339	2484	1
339	2519	4
339	2690	1
339	3067	1
339	3183	1
339	3261	1
339	3269	1
339	3371	1
339	3442	1
339	3811	2
339	3979	2
339	4184	1
339	4285	1
339	4304	1
339	4348	1
339	4509	1
339	4789	1
339	4860	1
339	5173	1
339	5230	1
339	5237	1
339	5327	1
339	5418	1
339	5632	1
339	5639	1
339	5802	1
354	1529	1
354	2008	1
354	2168	1
354	2411	1
354	2472	1
354	2519	1
354	3203	1
354	3517	1
354	5230	1
354	5820	1
376	640	1
376	1115	1
376	1204	1
376	1482	3
376	1508	1
376	1581	1
376	1603	1
376	1723	1
376	1734	2
376	1875	1
376	2002	1
376	2008	1
376	2389	1
376	2472	1
376	2519	1
376	2690	2
376	2708	1
376	3132	2
376	3269	1
376	3371	1
376	3442	1
376	3517	1
376	3979	1
376	4206	1
376	4509	1
376	4521	2
376	4575	1
376	4635	1
376	4670	1
376	4742	1
376	4860	1
376	4872	1
376	4998	1
376	5039	1
376	5114	3
376	5172	2
376	5188	1
376	5237	1
376	5312	1
376	5327	1
376	5351	1
376	5820	1
376	5852	1
400	1271	1
400	1364	1
400	2706	1
400	3067	1
400	3397	1
400	3410	1
400	4606	1
400	4622	2
400	4872	1
400	5188	1
400	5189	1
400	5237	1
400	5766	4
401	408	1
401	1204	1
401	1273	1
401	1361	1
401	1429	1
401	1508	1
401	1529	3
401	1603	1
401	1846	1
401	2067	1
401	2168	1
401	2407	1
401	2477	1
401	2591	1
401	2653	1
401	2726	1
401	3067	1
401	3118	1
401	3628	1
401	3748	1
401	4304	1
401	5008	1
401	5068	2
401	5179	2
401	5188	2
401	5230	1
401	5237	1
401	5464	2
401	5738	1
401	5766	1
408	463	1
408	1024	1
408	1173	2
408	1204	3
408	1214	1
408	1273	1
408	1361	1
408	1508	1
408	1535	2
408	1696	2
408	2008	1
408	2472	3
408	2496	1
408	2519	2
408	2653	1
408	2674	2
408	2863	1
408	3067	1
408	3132	1
408	3243	2
408	3269	1
408	3607	1
408	3608	1
408	3863	2
408	4191	1
408	4324	1
408	4509	1
408	4606	1
408	4670	1
408	4860	1
408	4872	1
408	5114	3
408	5179	1
408	5188	1
408	5312	1
408	5351	1
408	5418	1
408	5738	1
408	5784	1
413	749	1
413	1115	1
413	1121	4
413	1529	1
413	1721	1
413	2049	1
413	2062	1
413	2472	2
413	2519	2
413	2956	1
413	3067	1
413	3330	1
413	4018	1
413	4182	1
413	4184	1
413	4187	1
413	4191	1
413	4285	1
413	4318	1
413	4348	1
413	4676	1
413	5049	1
413	5114	2
413	5327	1
413	5526	1
413	5660	2
449	777	1
449	845	3
449	877	1
449	881	1
449	1024	1
449	1115	1
449	1482	3
449	1529	1
449	1678	1
449	1727	1
449	1734	2
449	2002	1
449	2062	2
449	2067	2
449	2407	1
449	2472	1
449	2675	1
449	3128	4
449	3132	1
449	3330	1
449	3397	1
449	3476	2
449	3517	3
449	3748	2
449	4251	1
449	4657	1
449	5114	2
449	5230	1
449	5237	1
449	5327	1
449	5331	1
449	5335	2
449	5738	1
463	1024	1
463	1361	1
463	2472	1
463	2519	1
463	2863	1
463	2984	1
463	3410	1
463	3863	1
463	4657	1
463	4872	1
463	5418	1
463	5464	1
463	5738	2
570	881	1
570	1115	1
570	1603	1
570	1734	1
570	2008	1
570	2062	1
570	2407	1
570	2472	1
570	2726	1
570	2771	1
570	3098	1
570	3442	1
570	4828	1
570	4995	1
570	4998	1
570	5114	1
570	5309	1
570	5423	1
570	5526	1
570	5802	1
570	5872	1
640	925	1
640	984	1
640	1204	1
640	1529	1
640	1875	1
640	2008	6
640	2117	1
640	2472	7
640	2484	2
640	2519	5
640	2866	2
640	3067	3
640	3261	3
640	3269	5
640	3330	1
640	3371	2
640	3442	2
640	3517	1
640	3951	1
640	4169	1
640	4184	1
640	4348	1
640	4509	3
640	4521	1
640	4615	1
640	4691	1
640	4947	1
640	5049	1
640	5114	1
640	5237	3
640	5270	1
640	5327	2
640	5464	1
640	5753	1
640	5802	1
640	5852	1
640	5872	1
749	984	1
749	1040	2
749	1121	1
749	1529	1
749	1721	1
749	2008	2
749	2062	1
749	2472	4
749	2519	4
749	2956	2
749	3067	3
749	3261	1
749	3269	2
749	3330	1
749	4018	2
749	4182	1
749	4184	1
749	4187	1
749	4191	1
749	4285	2
749	4318	1
749	4348	1
749	4606	2
749	4996	1
749	5049	2
749	5114	1
749	5189	1
749	5327	1
749	5351	1
749	5418	1
749	5526	1
749	5639	1
749	5872	1
772	1529	1
772	2706	1
772	2711	1
772	2726	1
772	2984	1
772	3957	1
772	4206	1
772	4860	1
772	5114	1
772	5309	1
772	5418	1
772	5438	1
777	1115	1
777	1482	2
777	1720	2
777	1734	1
777	1846	1
777	2984	1
777	3330	1
777	3397	1
777	4182	1
777	4187	1
777	5114	1
777	5327	1
777	5331	1
777	5418	1
824	881	1
824	1115	2
824	1521	1
824	1734	3
824	1911	1
824	1961	2
824	2389	2
824	2407	2
824	2771	1
824	2984	2
824	3100	1
824	3132	1
824	3410	1
824	3981	1
824	4657	1
824	4999	1
824	5327	2
824	5430	2
824	5738	1
845	1024	1
845	1025	1
845	1482	2
845	1529	1
845	2472	1
845	2693	1
845	3067	1
845	3128	3
845	3741	1
845	3748	1
845	3863	1
845	4206	1
845	4348	1
845	5039	1
845	5114	1
845	5270	1
845	5327	1
868	877	1
868	878	1
868	881	1
868	895	1
868	1058	1
868	1115	1
868	1245	1
868	1535	4
868	1578	1
868	1734	2
868	2062	1
868	2168	1
868	2984	1
868	3132	3
868	4184	1
868	4206	1
868	4235	1
868	4999	1
868	5008	2
868	5114	4
868	5430	1
868	5461	1
868	5796	1
877	878	5
877	895	1
877	1115	4
877	1266	1
877	1477	1
877	1482	1
877	1535	2
877	1595	2
877	1596	2
877	1721	1
877	1723	1
877	1734	1
877	2062	1
877	2150	1
877	2706	1
877	2711	1
877	2932	1
877	2984	1
877	3132	2
877	3397	1
877	3957	1
877	3981	2
877	4235	2
877	4245	1
877	4534	2
877	4539	2
877	4606	1
877	4635	1
877	5114	3
877	5172	2
877	5300	1
877	5306	1
877	5309	2
877	5312	3
877	5327	2
877	5331	1
877	5335	1
877	5461	1
877	5796	1
878	895	1
878	1115	4
878	1477	1
878	1482	1
878	1535	2
878	1595	1
878	1596	1
878	1723	1
878	1734	1
878	2062	1
878	2706	1
878	2711	1
878	3132	2
878	3397	1
878	3957	1
878	3981	2
878	4235	1
878	4245	1
878	4534	1
878	4539	1
878	4635	1
878	5114	3
878	5172	2
878	5306	1
878	5309	2
878	5312	3
878	5327	2
878	5331	1
878	5335	1
878	5461	1
878	5796	1
881	895	1
881	899	2
881	1058	1
881	1115	6
881	1176	1
881	1204	1
881	1245	2
881	1429	2
881	1477	3
881	1482	14
881	1521	2
881	1529	4
881	1535	6
881	1578	1
881	1603	1
881	1696	2
881	1727	2
881	1734	13
881	1846	1
881	1911	1
881	1961	1
881	2002	1
881	2062	1
881	2146	1
881	2161	1
881	2274	3
881	2389	1
881	2411	1
881	2479	1
881	2591	1
881	2601	1
881	2653	1
881	2726	2
881	2771	1
881	2932	1
881	2984	3
881	2995	1
881	3098	10
881	3100	4
881	3118	2
881	3128	1
881	3132	11
881	3203	2
881	3243	1
881	3335	2
881	3410	1
881	3517	1
881	3863	1
881	3951	1
881	3981	1
881	4184	2
881	4206	2
881	4245	1
881	4251	1
881	4521	1
881	4575	1
881	4622	2
881	4670	1
881	4691	1
881	4707	1
881	4742	1
881	4998	2
881	4999	2
881	5008	1
881	5068	1
881	5114	19
881	5172	1
881	5188	1
881	5230	1
881	5237	2
881	5309	1
881	5312	2
881	5327	13
881	5331	4
881	5335	3
881	5418	1
881	5438	1
881	5461	2
881	5526	1
881	5633	2
881	5738	4
881	5796	1
881	5820	1
895	899	3
895	1115	1
895	1204	1
895	1429	1
895	1477	2
895	1482	4
895	1529	2
895	1535	5
895	1734	2
895	1885	1
895	2062	1
895	2146	1
895	2161	1
895	2280	1
895	2389	1
895	2407	1
895	2984	1
895	3118	1
895	3132	3
895	3517	1
895	3981	1
895	4182	1
895	4187	1
895	4575	1
895	4691	1
895	4707	1
895	4742	1
895	4998	1
895	5114	7
895	5172	1
895	5237	1
895	5312	1
895	5327	2
895	5418	1
895	5461	1
895	5796	1
899	1115	1
899	1176	2
899	1204	1
899	1429	2
899	1477	3
899	1482	3
899	1535	7
899	1596	1
899	1723	1
899	1734	5
899	1885	1
899	2002	1
899	2161	1
899	2280	1
899	2932	1
899	2984	1
899	3098	1
899	3132	1
899	3981	1
899	4235	1
899	4635	1
899	4998	2
899	4999	1
899	5008	1
899	5114	3
899	5172	1
899	5312	2
899	5820	1
925	984	1
925	1024	1
925	1040	1
925	1173	1
925	1245	1
925	1529	1
925	1721	1
925	2008	2
925	2472	3
925	2519	1
925	2658	1
925	2866	1
925	3067	2
925	3183	1
925	3261	2
925	3269	2
925	3330	1
925	3628	1
925	3811	1
925	3863	1
925	4184	1
925	4348	1
925	4947	1
925	5049	1
925	5114	1
925	5179	1
925	5327	2
925	5468	2
925	5738	1
925	5802	1
928	1482	1
928	1535	1
928	1595	1
928	3397	1
928	3517	1
928	4251	1
928	4622	3
928	4648	1
928	4670	1
928	4947	1
928	4998	1
984	1024	1
984	1121	1
984	1245	1
984	1529	3
984	1574	1
984	1678	1
984	2002	1
984	2008	10
984	2062	1
984	2150	1
984	2472	13
984	2484	6
984	2519	10
984	2708	1
984	2866	1
984	3045	1
984	3067	8
984	3132	1
984	3183	2
984	3261	4
984	3269	9
984	3517	2
984	3863	2
984	3951	2
984	4018	1
984	4169	2
984	4182	1
984	4184	1
984	4187	1
984	4191	3
984	4285	4
984	4348	6
984	4691	1
984	5039	2
984	5049	7
984	5114	6
984	5173	3
984	5270	3
984	5306	1
984	5327	7
984	5335	1
984	5351	1
984	5464	1
984	5526	1
984	5639	1
984	5738	3
984	5872	2
1024	1025	1
1024	1245	1
1024	1429	1
1024	1482	4
1024	1529	5
1024	1535	1
1024	1578	2
1024	1846	1
1024	2008	1
1024	2062	1
1024	2407	1
1024	2472	4
1024	2519	3
1024	2658	1
1024	2675	1
1024	2693	1
1024	2726	1
1024	2863	1
1024	2984	1
1024	3045	1
1024	3067	2
1024	3118	1
1024	3132	1
1024	3183	1
1024	3243	1
1024	3261	1
1024	3269	1
1024	3476	2
1024	3741	1
1024	3863	3
1024	4187	1
1024	4348	2
1024	4998	2
1024	5039	1
1024	5049	2
1024	5114	2
1024	5179	1
1024	5237	1
1024	5270	1
1024	5327	4
1024	5418	1
1024	5526	1
1024	5632	1
1024	5738	2
1025	1482	2
1025	1529	1
1025	2407	2
1025	2472	1
1025	2693	1
1025	3067	1
1025	3113	1
1025	3741	1
1025	3748	1
1025	3863	1
1025	4348	1
1025	4509	1
1025	4622	1
1025	5008	1
1025	5039	1
1025	5230	1
1025	5237	1
1025	5270	1
1025	5281	1
1025	5327	1
1040	1058	1
1040	1115	1
1040	1173	1
1040	1266	1
1040	1529	1
1040	1721	1
1040	1727	1
1040	1734	1
1040	1787	1
1040	1911	1
1040	2008	1
1040	2161	1
1040	2472	4
1040	2484	1
1040	2519	2
1040	2690	1
1040	2726	1
1040	2956	1
1040	3045	1
1040	3067	1
1040	3100	1
1040	3183	1
1040	3261	1
1040	3269	1
1040	3330	1
1040	3628	1
1040	3777	1
1040	3811	1
1040	3951	1
1040	3957	1
1040	3979	1
1040	4018	1
1040	4184	2
1040	4285	1
1040	4509	1
1040	4606	1
1040	4707	2
1040	4789	1
1040	4996	1
1040	5039	1
1040	5049	1
1040	5114	1
1040	5189	1
1040	5230	1
1040	5237	1
1040	5281	1
1040	5418	1
1040	5468	1
1040	5802	1
1040	5852	1
1040	5872	1
1058	1115	1
1058	1482	1
1058	1529	1
1058	1535	1
1058	1574	1
1058	1578	1
1058	1734	1
1058	1846	1
1058	2472	1
1058	2479	1
1058	2690	1
1058	3132	1
1058	3183	1
1058	3979	1
1058	4184	2
1058	4622	1
1058	4648	1
1058	4678	1
1058	4855	1
1058	5068	1
1058	5114	2
1058	5230	2
1058	5237	1
1058	5738	1
1115	1121	1
1115	1176	1
1115	1204	1
1115	1214	1
1115	1245	3
1115	1266	1
1115	1271	1
1115	1273	1
1115	1477	1
1115	1482	13
1115	1521	1
1115	1529	7
1115	1535	9
1115	1578	1
1115	1581	1
1115	1590	1
1115	1595	2
1115	1596	1
1115	1603	1
1115	1678	1
1115	1696	2
1115	1721	1
1115	1723	3
1115	1727	4
1115	1734	26
1115	1748	3
1115	1911	1
1115	1961	4
1115	2062	1
1115	2117	1
1115	2161	1
1115	2274	1
1115	2280	1
1115	2389	3
1115	2407	4
1115	2479	2
1115	2496	1
1115	2675	1
1115	2690	1
1115	2706	1
1115	2708	1
1115	2711	1
1115	2932	1
1115	2956	1
1115	2984	10
1115	3098	2
1115	3100	2
1115	3118	2
1115	3128	1
1115	3132	8
1115	3335	1
1115	3397	1
1115	3517	2
1115	3608	1
1115	3951	2
1115	3957	1
1115	3979	1
1115	3981	6
1115	4182	2
1115	4184	1
1115	4187	2
1115	4206	2
1115	4212	1
1115	4235	1
1115	4245	2
1115	4251	1
1115	4318	1
1115	4509	1
1115	4534	1
1115	4539	5
1115	4622	1
1115	4635	4
1115	4657	1
1115	4670	1
1115	4691	2
1115	4707	2
1115	4995	1
1115	4996	1
1115	4998	3
1115	4999	9
1115	5008	3
1115	5049	1
1115	5068	2
1115	5114	41
1115	5172	4
1115	5179	1
1115	5230	1
1115	5237	2
1115	5300	1
1115	5306	2
1115	5309	2
1115	5312	4
1115	5327	21
1115	5331	5
1115	5335	8
1115	5429	1
1115	5430	3
1115	5461	2
1115	5621	3
1115	5652	1
1115	5738	2
1115	5753	1
1115	5796	1
1121	1176	1
1121	1204	1
1121	1482	1
1121	1529	5
1121	1721	1
1121	1734	1
1121	1846	1
1121	1885	1
1121	2002	1
1121	2008	1
1121	2049	4
1121	2062	1
1121	2472	9
1121	2484	2
1121	2519	8
1121	2591	1
1121	2607	3
1121	2726	1
1121	2866	1
1121	2956	1
1121	2984	1
1121	3067	5
1121	3261	1
1121	3269	1
1121	3330	2
1121	3517	1
1121	3811	1
1121	3863	1
1121	3928	3
1121	4018	2
1121	4169	1
1121	4182	3
1121	4184	2
1121	4187	3
1121	4191	5
1121	4285	3
1121	4304	1
1121	4318	1
1121	4348	1
1121	4509	1
1121	4606	1
1121	4622	1
1121	4676	4
1121	4995	1
1121	4999	1
1121	5008	1
1121	5049	6
1121	5114	7
1121	5306	2
1121	5327	5
1121	5464	1
1121	5526	3
1121	5633	1
1121	5652	1
1121	5660	5
1173	1176	1
1173	1204	2
1173	1535	2
1173	1696	1
1173	2008	2
1173	2389	1
1173	2407	1
1173	2472	3
1173	2496	1
1173	2519	2
1173	2708	1
1173	2984	1
1173	3132	1
1173	3243	2
1173	3251	1
1173	3261	1
1173	3269	1
1173	3371	1
1173	3442	1
1173	3628	1
1173	3811	1
1173	4191	2
1173	4304	1
1173	4324	2
1173	4509	1
1173	4606	1
1173	5114	2
1173	5230	1
1173	5468	1
1173	5621	1
1173	5802	1
1176	1204	1
1176	1429	1
1176	1477	1
1176	1482	1
1176	1529	1
1176	1535	3
1176	1723	1
1176	1734	2
1176	2389	1
1176	2407	1
1176	2472	1
1176	2519	1
1176	2863	1
1176	2932	1
1176	3098	1
1176	3243	1
1176	3251	1
1176	3517	1
1176	3928	1
1176	4622	1
1176	4635	1
1176	4998	1
1176	5008	1
1176	5114	1
1176	5327	1
1176	5621	1
1176	5820	1
1204	1273	1
1204	1361	1
1204	1477	1
1204	1482	3
1204	1508	2
1204	1529	3
1204	1535	5
1204	1578	1
1204	1590	1
1204	1696	1
1204	1734	6
1204	1846	1
1204	1885	1
1204	2008	1
1204	2117	1
1204	2280	1
1204	2389	3
1204	2407	3
1204	2411	1
1204	2472	2
1204	2484	1
1204	2519	2
1204	2591	1
1204	2601	1
1204	2653	2
1204	2674	2
1204	2690	2
1204	2706	1
1204	2711	1
1204	2866	1
1204	2956	1
1204	2984	5
1204	2991	2
1204	3067	1
1204	3132	1
1204	3243	1
1204	3251	1
1204	3269	1
1204	3811	1
1204	3951	2
1204	3981	1
1204	4003	1
1204	4318	1
1204	4509	1
1204	4615	1
1204	4622	1
1204	4670	1
1204	4860	1
1204	4872	1
1204	4998	1
1204	5114	7
1204	5172	1
1204	5179	3
1204	5188	6
1204	5237	1
1204	5312	1
1204	5327	2
1204	5418	1
1204	5423	1
1204	5438	2
1204	5621	1
1204	5802	1
1214	1266	1
1214	1273	1
1214	1508	1
1214	1535	3
1214	1911	1
1214	2389	1
1214	2472	1
1214	2984	1
1214	3132	3
1214	3243	3
1214	3251	2
1214	3397	1
1214	3607	1
1214	3608	1
1214	4509	1
1214	4575	1
1214	4622	1
1214	5114	4
1214	5188	1
1214	5237	2
1214	5312	1
1214	5351	1
1245	1273	1
1245	1482	2
1245	1734	1
1245	2008	1
1245	2472	1
1245	2479	2
1245	2519	1
1245	2708	1
1245	2726	1
1245	2984	6
1245	2995	2
1245	3067	1
1245	3113	1
1245	3132	1
1245	3183	1
1245	3261	1
1245	3269	1
1245	3863	1
1245	4348	1
1245	4509	1
1245	4575	1
1245	4657	1
1245	4670	1
1245	4742	1
1245	4999	1
1245	5008	1
1245	5049	1
1245	5114	6
1245	5312	2
1245	5327	4
1245	5331	1
1245	5335	1
1245	5351	1
1245	5429	1
1245	5621	1
1245	5633	2
1245	5738	2
1245	5796	1
1266	1911	1
1266	2150	1
1266	2389	1
1266	4657	1
1266	5068	1
1266	5114	1
1266	5281	1
1271	1429	1
1271	1529	1
1271	2407	1
1271	2472	1
1271	2690	1
1271	2706	1
1271	2711	1
1271	2984	1
1271	3203	1
1271	3397	1
1271	3979	1
1271	4318	2
1271	4445	1
1271	4509	1
1271	4670	1
1271	4860	1
1271	4872	2
1271	5114	2
1271	5188	1
1271	5230	1
1271	5237	2
1271	5621	1
1271	5796	1
1273	1361	1
1273	1508	3
1273	1529	1
1273	1535	1
1273	1696	1
1273	2479	1
1273	2653	1
1273	2675	1
1273	2676	1
1273	2726	2
1273	2984	2
1273	3045	1
1273	3981	2
1273	4521	1
1273	4998	1
1273	4999	1
1273	5008	1
1273	5172	1
1273	5179	2
1273	5188	2
1273	5306	1
1273	5526	1
1302	1429	2
1302	1846	2
1302	2591	1
1302	5008	2
1302	5281	2
1302	5306	1
1361	1482	2
1361	1508	1
1361	1529	1
1361	1734	1
1361	2653	1
1361	2676	1
1361	2690	2
1361	2706	1
1361	2708	1
1361	2711	2
1361	3957	1
1361	4521	1
1361	5114	1
1361	5179	2
1361	5188	3
1361	5189	1
1361	5327	1
1361	5423	1
1361	5526	1
1361	5802	1
1364	1482	1
1364	2407	1
1364	2472	1
1364	2653	1
1364	2726	1
1364	2984	1
1364	3045	1
1364	3067	1
1364	3183	1
1364	3410	1
1364	3777	1
1364	5039	1
1364	5179	1
1364	5189	1
1364	5418	1
1364	5738	1
1364	5766	1
1429	1477	2
1429	1482	2
1429	1529	3
1429	1535	3
1429	1721	1
1429	1734	5
1429	1748	2
1429	1846	6
1429	1875	2
1429	2161	2
1429	2407	1
1429	2472	1
1429	2484	1
1429	2591	6
1429	2706	1
1429	2711	1
1429	2932	1
1429	2984	2
1429	2995	1
1429	3098	1
1429	3261	1
1429	3330	1
1429	4206	1
1429	4318	1
1429	4445	1
1429	4606	1
1429	4615	1
1429	4998	3
1429	4999	1
1429	5008	2
1429	5039	1
1429	5114	1
1429	5172	1
1429	5179	1
1429	5281	2
1429	5306	1
1429	5327	1
1429	5418	1
1429	5633	1
1429	5820	2
1477	1482	6
1477	1529	1
1477	1535	3
1477	1734	3
1477	2161	1
1477	2706	1
1477	2711	1
1477	2932	1
1477	2984	1
1477	3098	1
1477	3100	1
1477	3132	2
1477	3741	1
1477	3981	1
1477	4998	1
1477	5114	3
1477	5172	2
1477	5309	1
1477	5312	2
1477	5327	1
1477	5331	1
1477	5654	1
1477	5820	1
1482	1508	1
1482	1529	13
1482	1535	8
1482	1574	1
1482	1578	3
1482	1581	2
1482	1696	1
1482	1734	13
1482	1748	1
1482	2002	2
1482	2062	1
1482	2067	1
1482	2146	1
1482	2161	2
1482	2274	2
1482	2389	1
1482	2407	3
1482	2411	1
1482	2472	1
1482	2477	1
1482	2479	2
1482	2591	1
1482	2601	1
1482	2653	2
1482	2675	3
1482	2676	2
1482	2690	1
1482	2693	1
1482	2706	1
1482	2708	1
1482	2711	2
1482	2726	2
1482	2863	1
1482	2932	1
1482	2956	1
1482	2984	6
1482	2995	1
1482	3067	2
1482	3098	2
1482	3100	4
1482	3113	1
1482	3118	1
1482	3128	1
1482	3132	10
1482	3183	1
1482	3203	1
1482	3243	2
1482	3330	1
1482	3397	1
1482	3476	2
1482	3517	2
1482	3741	2
1482	3748	2
1482	3863	3
1482	3957	2
1482	3981	1
1482	4182	1
1482	4184	1
1482	4187	2
1482	4206	2
1482	4285	1
1482	4348	1
1482	4486	1
1482	4521	1
1482	4539	1
1482	4575	2
1482	4622	1
1482	4648	1
1482	4670	2
1482	4691	2
1482	4707	2
1482	4742	1
1482	4789	1
1482	4828	1
1482	4998	4
1482	4999	3
1482	5008	1
1482	5039	2
1482	5049	2
1482	5068	3
1482	5114	27
1482	5172	5
1482	5188	2
1482	5230	1
1482	5237	1
1482	5270	1
1482	5309	1
1482	5312	3
1482	5327	19
1482	5331	3
1482	5335	2
1482	5418	2
1482	5423	2
1482	5430	1
1482	5438	1
1482	5461	1
1482	5526	3
1482	5633	2
1482	5652	1
1482	5654	1
1482	5738	6
1482	5796	1
1482	5802	1
1482	5820	2
1508	1581	1
1508	1696	1
1508	1734	1
1508	2653	1
1508	2675	2
1508	2676	1
1508	2708	1
1508	2932	1
1508	2984	1
1508	3335	1
1508	3981	1
1508	4245	1
1508	4251	1
1508	4622	1
1508	4635	1
1508	4995	1
1508	4996	1
1508	5039	1
1508	5114	1
1508	5172	2
1508	5179	1
1508	5188	2
1508	5429	1
1508	5526	1
1521	1696	1
1521	1734	2
1521	1911	1
1521	2389	1
1521	2771	1
1521	2984	1
1521	2995	1
1521	3098	1
1521	3100	1
1521	3132	1
1521	3410	1
1521	4206	1
1521	5114	2
1521	5230	1
1521	5237	1
1521	5738	1
1529	1535	6
1529	1574	1
1529	1578	1
1529	1590	2
1529	1596	1
1529	1603	1
1529	1696	2
1529	1720	1
1529	1721	3
1529	1727	1
1529	1734	10
1529	1748	1
1529	1787	1
1529	1846	1
1529	2002	2
1529	2008	3
1529	2062	2
1529	2067	1
1529	2146	1
1529	2150	1
1529	2168	1
1529	2274	2
1529	2407	7
1529	2472	17
1529	2477	1
1529	2479	2
1529	2484	4
1529	2519	14
1529	2607	2
1529	2653	1
1529	2675	1
1529	2676	1
1529	2690	2
1529	2693	1
1529	2726	3
1529	2956	3
1529	2984	3
1529	3045	1
1529	3067	10
1529	3098	1
1529	3100	2
1529	3118	1
1529	3128	1
1529	3132	3
1529	3183	1
1529	3202	1
1529	3203	3
1529	3243	2
1529	3261	2
1529	3269	3
1529	3330	1
1529	3335	1
1529	3371	1
1529	3410	1
1529	3476	1
1529	3517	4
1529	3741	2
1529	3748	2
1529	3777	1
1529	3811	2
1529	3863	2
1529	3928	2
1529	3951	3
1529	3981	1
1529	4018	2
1529	4182	4
1529	4184	2
1529	4187	5
1529	4191	6
1529	4285	2
1529	4304	1
1529	4318	1
1529	4348	3
1529	4445	1
1529	4486	2
1529	4509	4
1529	4534	1
1529	4539	1
1529	4606	1
1529	4622	1
1529	4648	1
1529	4691	1
1529	4707	1
1529	4742	1
1529	4789	2
1529	4828	1
1529	4860	2
1529	4998	2
1529	4999	2
1529	5039	2
1529	5049	11
1529	5068	2
1529	5114	18
1529	5172	2
1529	5173	2
1529	5179	6
1529	5188	2
1529	5189	1
1529	5237	3
1529	5270	2
1529	5306	1
1529	5309	1
1529	5327	18
1529	5335	2
1529	5418	2
1529	5430	1
1529	5461	1
1529	5464	3
1529	5526	2
1529	5632	1
1529	5633	1
1529	5639	2
1529	5652	2
1529	5738	2
1529	5753	2
1529	5784	1
1529	5796	1
1529	5872	1
1535	1574	2
1535	1578	1
1535	1596	2
1535	1696	1
1535	1721	1
1535	1723	2
1535	1734	18
1535	1748	3
1535	1846	1
1535	1885	1
1535	2002	1
1535	2008	1
1535	2062	2
1535	2146	1
1535	2161	2
1535	2168	1
1535	2280	2
1535	2389	3
1535	2407	3
1535	2472	1
1535	2496	1
1535	2519	1
1535	2706	1
1535	2711	1
1535	2932	1
1535	2984	6
1535	3067	1
1535	3098	2
1535	3118	1
1535	3132	11
1535	3243	2
1535	3251	2
1535	3335	1
1535	3397	2
1535	3517	1
1535	3607	1
1535	3608	1
1535	3748	1
1535	3951	2
1535	3981	3
1535	4003	1
1535	4184	1
1535	4191	1
1535	4206	3
1535	4235	1
1535	4245	2
1535	4251	1
1535	4324	1
1535	4534	1
1535	4539	1
1535	4575	2
1535	4622	3
1535	4635	2
1535	4648	1
1535	4670	1
1535	4742	1
1535	4998	5
1535	4999	6
1535	5008	3
1535	5039	1
1535	5049	1
1535	5114	32
1535	5172	2
1535	5188	2
1535	5237	1
1535	5300	1
1535	5306	1
1535	5309	1
1535	5312	3
1535	5327	4
1535	5335	2
1535	5351	1
1535	5438	1
1535	5461	2
1535	5621	2
1535	5738	1
1535	5796	1
1535	5820	1
1574	1734	2
1574	2407	1
1574	2472	1
1574	2479	1
1574	2726	1
1574	2866	1
1574	3067	1
1574	3132	1
1574	3517	1
1574	4575	1
1574	5039	1
1574	5049	1
1574	5068	1
1574	5114	4
1574	5327	1
1574	5335	1
1574	5738	2
1578	1734	1
1578	2389	1
1578	2407	4
1578	2601	1
1578	2675	1
1578	2726	2
1578	3045	1
1578	3132	1
1578	3243	1
1578	3741	1
1578	4184	1
1578	4187	1
1578	4486	1
1578	5049	2
1578	5114	1
1578	5179	1
1578	5188	1
1578	5327	1
1578	5430	1
1578	5526	1
1578	5652	1
1581	1590	1
1581	1678	1
1581	1734	1
1581	2653	1
1581	2708	1
1581	2984	1
1581	3183	1
1581	3243	1
1581	3981	1
1581	4184	1
1581	4206	1
1581	4521	1
1581	4999	1
1581	5039	1
1581	5114	2
1581	5172	1
1581	5237	1
1581	5306	1
1581	5327	1
1581	5418	1
1581	5654	1
1590	1734	2
1590	2150	1
1590	2479	1
1590	2690	1
1590	2984	2
1590	3067	1
1590	3118	1
1590	3183	1
1590	3981	2
1590	4184	1
1590	4206	1
1590	4318	1
1590	4539	1
1590	4707	1
1590	4999	1
1590	5008	1
1590	5114	3
1590	5306	1
1590	5327	3
1590	5621	1
1590	5654	1
1590	5753	1
1595	1596	3
1595	2472	1
1595	2519	1
1595	2591	1
1595	2932	1
1595	2984	2
1595	3067	1
1595	3132	1
1595	3517	2
1595	3981	1
1595	4235	1
1595	4245	1
1595	4251	1
1595	4534	2
1595	4539	4
1595	5008	1
1595	5049	1
1595	5114	2
1595	5172	1
1595	5237	1
1595	5306	1
1595	5309	1
1595	5312	1
1595	5327	1
1596	1734	1
1596	2472	1
1596	2519	1
1596	2932	1
1596	2984	1
1596	3067	1
1596	3132	1
1596	3517	1
1596	3981	2
1596	4235	1
1596	4245	1
1596	4534	3
1596	4539	4
1596	4995	1
1596	4998	1
1596	4999	1
1596	5049	1
1596	5114	2
1596	5172	2
1596	5237	1
1596	5306	1
1596	5309	1
1596	5312	1
1596	5327	1
1603	1734	1
1603	1911	1
1603	2067	1
1603	2150	1
1603	2274	1
1603	2693	1
1603	2991	1
1603	3098	1
1603	3397	1
1603	3607	1
1603	3608	1
1603	4324	1
1603	4509	1
1603	4742	2
1603	4998	1
1603	5068	1
1603	5114	2
1603	5188	1
1603	5237	1
1603	5738	1
1678	1734	1
1678	1846	1
1678	2008	1
1678	2472	1
1678	2484	1
1678	2519	1
1678	3045	2
1678	3067	1
1678	3183	1
1678	3269	1
1678	3517	1
1678	3951	1
1678	4285	1
1678	4348	1
1678	5049	1
1678	5114	1
1678	5270	1
1678	5820	2
1696	1727	1
1696	1734	2
1696	1961	1
1696	2411	1
1696	2472	1
1696	2477	1
1696	2484	1
1696	2496	1
1696	2519	1
1696	2675	1
1696	2676	2
1696	2726	1
1696	2956	1
1696	2984	2
1696	3067	1
1696	3098	1
1696	3118	1
1696	3132	1
1696	3183	1
1696	3811	1
1696	3981	1
1696	4206	1
1696	4324	1
1696	4789	1
1696	4828	1
1696	4860	1
1696	5049	1
1696	5068	1
1696	5114	4
1696	5172	1
1696	5327	1
1696	5331	1
1696	5335	1
1696	5526	1
1696	5652	1
1720	1734	1
1720	1846	1
1720	2726	1
1720	3410	1
1720	3517	1
1720	3741	1
1720	4182	1
1720	4187	1
1720	4707	1
1720	5114	1
1720	5418	1
1720	5802	1
1721	1734	3
1721	1748	1
1721	1787	1
1721	1875	1
1721	2008	1
1721	2150	1
1721	2280	1
1721	2407	1
1721	2472	2
1721	2519	2
1721	2706	1
1721	2711	1
1721	2726	1
1721	2956	1
1721	2984	2
1721	3269	1
1721	3330	3
1721	4018	1
1721	4285	1
1721	4606	4
1721	4678	1
1721	4998	1
1721	4999	1
1721	5039	1
1721	5049	1
1721	5114	2
1721	5179	2
1721	5188	1
1721	5327	1
1721	5418	4
1721	5872	1
1723	1734	4
1723	2008	1
1723	2161	1
1723	2389	1
1723	2984	1
1723	3335	1
1723	3957	1
1723	3981	1
1723	4206	1
1723	4622	1
1723	4635	5
1723	4998	2
1723	5008	2
1723	5114	4
1723	5172	1
1723	5188	1
1723	5189	1
1723	5312	1
1723	5429	1
1727	1734	6
1727	1961	1
1727	2067	1
1727	2274	1
1727	3098	1
1727	3100	1
1727	3118	1
1727	3132	1
1727	3203	1
1727	3608	1
1727	4206	1
1727	5114	5
1727	5179	1
1727	5188	1
1727	5327	3
1727	5331	1
1727	5335	2
1727	5461	1
1734	1748	7
1734	1787	1
1734	1846	1
1734	1875	1
1734	1911	2
1734	1961	3
1734	2002	1
1734	2008	1
1734	2062	1
1734	2067	1
1734	2117	1
1734	2150	1
1734	2161	4
1734	2274	2
1734	2280	2
1734	2389	3
1734	2407	4
1734	2411	1
1734	2472	1
1734	2496	1
1734	2519	1
1734	2591	1
1734	2653	2
1734	2675	2
1734	2706	2
1734	2711	3
1734	2726	1
1734	2771	1
1734	2932	3
1734	2956	1
1734	2984	14
1734	2995	1
1734	3067	2
1734	3098	3
1734	3100	2
1734	3118	2
1734	3128	1
1734	3132	8
1734	3203	2
1734	3330	1
1734	3335	4
1734	3397	1
1734	3410	1
1734	3608	1
1734	3748	2
1734	3863	2
1734	3951	1
1734	3981	3
1734	4003	1
1734	4182	2
1734	4184	2
1734	4187	3
1734	4191	1
1734	4206	7
1734	4235	2
1734	4245	4
1734	4251	4
1734	4285	1
1734	4318	3
1734	4539	2
1734	4575	1
1734	4606	1
1734	4622	3
1734	4635	7
1734	4657	1
1734	4670	1
1734	4691	1
1734	4707	1
1734	4995	3
1734	4996	2
1734	4998	8
1734	4999	8
1734	5008	6
1734	5049	1
1734	5068	2
1734	5114	51
1734	5172	6
1734	5179	2
1734	5188	8
1734	5189	1
1734	5237	2
1734	5306	1
1734	5312	4
1734	5327	20
1734	5331	3
1734	5335	4
1734	5351	1
1734	5418	3
1734	5423	1
1734	5429	3
1734	5430	3
1734	5438	2
1734	5461	3
1734	5621	3
1734	5654	1
1734	5738	2
1734	5796	1
1734	5802	1
1734	5820	2
1748	1875	1
1748	1961	1
1748	2407	1
1748	2496	1
1748	2706	1
1748	2711	2
1748	2984	2
1748	3330	1
1748	3748	1
1748	4539	1
1748	4606	1
1748	4670	1
1748	4998	1
1748	4999	1
1748	5114	4
1748	5172	1
1748	5327	2
1748	5418	1
1748	5461	1
1748	5621	2
1787	2161	1
1787	2407	1
1787	2726	4
1787	2956	2
1787	2984	1
1787	3045	1
1787	4707	1
1787	4789	1
1787	4998	1
1787	5114	1
1787	5179	1
1787	5188	1
1787	5418	1
1787	5438	1
1846	1885	1
1846	2407	1
1846	2591	4
1846	2607	1
1846	3098	1
1846	3183	1
1846	3330	1
1846	3335	1
1846	3476	1
1846	3928	1
1846	3957	1
1846	4182	1
1846	4187	1
1846	4212	2
1846	4445	1
1846	4606	1
1846	4648	1
1846	4855	1
1846	4998	1
1846	5008	2
1846	5114	1
1846	5179	2
1846	5281	3
1846	5306	1
1846	5309	1
1846	5327	1
1875	2008	1
1875	2161	2
1875	2472	3
1875	2484	1
1875	2519	2
1875	2693	1
1875	2706	1
1875	2711	1
1875	2984	1
1875	3243	1
1875	3269	1
1875	3330	1
1875	3371	1
1875	3442	1
1875	3607	1
1875	4169	1
1875	4509	2
1875	4521	1
1875	4606	1
1875	4855	1
1875	4860	1
1875	4998	1
1875	4999	1
1875	5237	2
1875	5418	1
1875	5852	1
1885	1961	1
1885	2067	1
1885	2280	1
1885	2407	1
1885	3132	1
1885	3748	1
1885	3928	2
1885	4509	1
1885	4606	1
1885	5114	1
1885	5327	1
1911	2389	2
1911	2407	1
1911	2693	1
1911	2771	1
1911	3100	1
1911	3132	1
1911	3410	1
1911	3748	1
1911	4187	1
1911	4742	1
1911	5114	1
1911	5418	1
1911	5738	2
1961	2389	1
1961	2407	1
1961	2601	1
1961	2984	3
1961	3098	1
1961	3928	1
1961	3981	1
1961	4999	1
1961	5114	1
1961	5327	4
1961	5331	1
1961	5335	1
1961	5430	2
2002	2008	1
2002	2062	1
2002	2274	1
2002	2407	1
2002	2472	1
2002	2519	1
2002	3067	1
2002	3098	1
2002	3100	1
2002	3132	1
2002	3203	1
2002	3243	1
2002	3269	1
2002	3517	1
2002	3863	1
2002	4184	1
2002	4191	1
2002	4235	1
2002	4285	1
2002	4575	1
2002	4670	1
2002	5049	1
2002	5114	2
2002	5306	1
2002	5312	1
2002	5464	1
2002	5526	1
2008	2062	1
2008	2150	1
2008	2161	2
2008	2472	26
2008	2484	9
2008	2519	22
2008	2708	2
2008	2866	2
2008	2984	1
2008	3045	1
2008	3067	11
2008	3183	2
2008	3243	2
2008	3261	9
2008	3269	21
2008	3330	3
2008	3371	3
2008	3442	5
2008	3517	3
2008	3811	2
2008	3863	2
2008	3951	3
2008	3979	1
2008	4018	1
2008	4169	2
2008	4182	1
2008	4184	2
2008	4187	1
2008	4191	6
2008	4206	1
2008	4285	7
2008	4304	1
2008	4348	9
2008	4445	1
2008	4509	4
2008	4521	1
2008	4606	2
2008	4615	1
2008	4635	1
2008	4691	1
2008	4707	1
2008	4828	1
2008	4947	1
2008	4998	2
2008	5039	1
2008	5049	7
2008	5114	7
2008	5173	5
2008	5237	4
2008	5270	3
2008	5306	1
2008	5327	7
2008	5351	1
2008	5418	2
2008	5464	1
2008	5468	1
2008	5526	2
2008	5639	2
2008	5738	2
2008	5753	1
2008	5784	1
2008	5802	2
2008	5820	1
2008	5852	1
2008	5872	6
2049	2607	1
2049	4676	3
2049	5660	4
2062	2067	2
2062	2407	6
2062	2472	2
2062	2484	1
2062	2519	2
2062	2706	1
2062	2711	1
2062	2771	1
2062	2956	1
2062	2984	1
2062	3045	1
2062	3067	2
2062	3118	1
2062	3128	1
2062	3132	2
2062	3202	1
2062	3261	1
2062	3269	1
2062	3335	1
2062	3397	1
2062	3410	1
2062	3517	1
2062	3928	1
2062	4018	1
2062	4182	2
2062	4184	1
2062	4187	2
2062	4191	2
2062	4285	1
2062	4318	1
2062	4348	2
2062	4691	1
2062	4707	1
2062	5049	1
2062	5068	2
2062	5114	3
2062	5172	1
2062	5173	1
2062	5237	1
2062	5327	2
2062	5418	1
2062	5461	1
2062	5526	1
2062	5738	1
2062	5796	1
2067	2407	1
2067	3202	1
2067	3335	1
2067	4998	1
2067	5068	1
2067	5114	1
2067	5237	1
2067	5335	1
2067	5418	1
2117	4615	1
2117	4622	1
2117	4855	1
2117	5114	2
2117	5464	1
2146	2150	2
2146	2472	1
2146	2479	1
2146	3067	1
2146	3098	1
2146	3118	1
2146	3132	1
2146	3330	1
2146	3951	1
2146	3981	1
2146	4521	1
2146	4657	1
2146	4670	1
2146	4742	4
2146	5114	2
2146	5237	2
2146	5312	1
2146	5327	1
2146	5468	1
2146	5738	1
2150	2472	2
2150	2484	1
2150	2519	1
2150	2674	1
2150	3045	1
2150	3067	3
2150	3118	2
2150	3269	1
2150	4285	1
2150	4348	1
2150	4509	1
2150	4657	1
2150	4742	2
2150	5039	1
2150	5049	1
2150	5114	2
2150	5173	1
2150	5237	1
2150	5327	1
2150	5418	1
2150	5468	1
2150	5621	1
2150	5639	1
2150	5654	1
2150	5738	1
2150	5872	1
2161	2168	1
2161	2407	1
2161	2411	2
2161	2591	1
2161	2658	1
2161	2675	1
2161	2706	1
2161	2726	1
2161	2984	3
2161	3045	1
2161	3067	1
2161	3476	1
2161	3811	1
2161	3863	1
2161	3928	1
2161	4206	1
2161	4235	1
2161	4285	1
2161	4318	1
2161	4622	1
2161	4635	1
2161	4707	1
2161	4998	4
2161	4999	1
2161	5114	4
2161	5172	1
2161	5327	1
2161	5423	1
2161	5820	1
2168	2411	1
2168	3202	1
2168	3203	1
2168	4206	2
2168	5114	1
2274	2984	1
2274	2995	1
2274	3098	1
2274	3100	1
2274	3118	1
2274	3132	2
2274	3203	1
2274	3243	1
2274	3607	1
2274	3608	1
2274	4184	1
2274	4324	1
2274	5114	5
2274	5327	2
2274	5461	3
2274	5796	1
2280	2389	1
2280	2984	1
2280	3132	1
2280	4212	1
2280	5114	3
2280	5188	1
2280	5327	1
2389	2407	4
2389	2601	1
2389	2675	1
2389	2771	1
2389	2984	2
2389	3100	1
2389	3132	1
2389	3243	1
2389	3251	1
2389	3410	1
2389	3517	2
2389	3981	1
2389	4575	1
2389	4635	1
2389	5114	6
2389	5172	2
2389	5188	1
2389	5237	1
2389	5312	1
2389	5327	1
2389	5430	1
2389	5621	1
2389	5738	1
2407	2411	3
2407	2472	1
2407	2484	1
2407	2601	1
2407	2658	1
2407	2675	1
2407	2690	2
2407	2706	1
2407	2711	1
2407	2726	6
2407	2771	1
2407	2863	1
2407	2956	2
2407	2984	3
2407	2991	1
2407	3067	1
2407	3202	2
2407	3203	1
2407	3243	1
2407	3251	1
2407	3397	1
2407	3410	1
2407	3476	1
2407	3517	3
2407	3748	1
2407	3777	2
2407	3811	1
2407	3951	1
2407	3981	1
2407	4212	1
2407	4445	1
2407	4486	3
2407	4575	1
2407	4657	1
2407	4860	1
2407	4998	3
2407	4999	3
2407	5008	2
2407	5049	3
2407	5068	2
2407	5114	6
2407	5172	1
2407	5179	7
2407	5188	4
2407	5189	1
2407	5230	2
2407	5237	3
2407	5281	1
2407	5306	1
2407	5327	5
2407	5418	3
2407	5430	2
2407	5464	1
2407	5526	2
2407	5621	1
2407	5632	1
2407	5652	4
2407	5738	2
2407	5852	1
2411	2658	1
2411	2675	1
2411	2690	1
2411	2726	3
2411	2984	2
2411	2991	1
2411	3067	1
2411	3118	1
2411	3132	1
2411	3202	1
2411	3777	1
2411	3811	1
2411	3863	1
2411	4251	1
2411	4285	1
2411	5068	1
2411	5114	2
2411	5172	1
2411	5179	1
2411	5327	1
2411	5423	1
2472	2484	16
2472	2519	51
2472	2607	1
2472	2690	1
2472	2693	3
2472	2708	2
2472	2711	1
2472	2863	1
2472	2866	4
2472	2956	1
2472	2984	2
2472	3045	3
2472	3067	24
2472	3128	1
2472	3132	3
2472	3183	4
2472	3243	5
2472	3261	12
2472	3269	21
2472	3330	4
2472	3371	5
2472	3397	2
2472	3442	5
2472	3517	7
2472	3607	2
2472	3628	1
2472	3741	1
2472	3811	5
2472	3863	5
2472	3928	1
2472	3951	5
2472	3957	1
2472	3979	3
2472	4018	5
2472	4169	6
2472	4182	5
2472	4184	4
2472	4187	5
2472	4191	11
2472	4245	1
2472	4285	9
2472	4304	2
2472	4318	2
2472	4348	12
2472	4445	2
2472	4509	12
2472	4521	2
2472	4539	1
2472	4606	3
2472	4615	1
2472	4622	1
2472	4657	1
2472	4670	1
2472	4691	1
2472	4707	1
2472	4742	1
2472	4828	1
2472	4855	2
2472	4860	5
2472	4872	1
2472	4947	1
2472	4995	1
2472	5039	5
2472	5049	18
2472	5114	18
2472	5173	6
2472	5188	1
2472	5189	1
2472	5230	2
2472	5237	16
2472	5270	4
2472	5306	1
2472	5327	15
2472	5335	1
2472	5351	1
2472	5418	3
2472	5464	1
2472	5468	2
2472	5526	3
2472	5621	1
2472	5632	3
2472	5633	2
2472	5639	5
2472	5738	4
2472	5753	1
2472	5784	4
2472	5802	3
2472	5820	1
2472	5852	4
2472	5872	6
2477	2676	1
2477	2956	1
2477	3045	1
2477	3067	1
2477	3183	1
2477	4789	1
2477	4828	2
2477	5049	1
2477	5652	1
2479	2496	1
2479	2690	1
2479	2984	4
2479	2995	1
2479	3098	1
2479	3132	2
2479	3243	1
2479	3251	1
2479	3951	1
2479	3981	2
2479	4521	1
2479	4539	1
2479	4670	1
2479	4742	1
2479	4872	1
2479	5068	1
2479	5114	5
2479	5172	1
2479	5237	2
2479	5312	3
2479	5351	1
2479	5464	1
2479	5621	1
2479	5738	1
2479	5753	1
2484	2519	12
2484	2693	1
2484	2708	1
2484	3045	1
2484	3067	8
2484	3183	1
2484	3243	1
2484	3261	5
2484	3269	8
2484	3330	1
2484	3397	1
2484	3517	1
2484	3607	1
2484	3811	1
2484	3951	3
2484	3957	1
2484	4182	1
2484	4187	1
2484	4191	4
2484	4285	4
2484	4304	1
2484	4348	6
2484	4509	1
2484	4615	1
2484	4691	1
2484	4707	1
2484	4855	1
2484	4860	2
2484	5039	2
2484	5049	6
2484	5114	5
2484	5173	3
2484	5237	2
2484	5270	3
2484	5327	6
2484	5633	1
2484	5639	1
2484	5738	1
2484	5852	2
2484	5872	2
2496	2984	1
2496	3202	1
2496	3811	1
2496	4324	1
2496	5114	3
2496	5172	1
2496	5327	1
2496	5621	1
2519	2693	2
2519	2708	2
2519	2863	1
2519	2866	2
2519	2956	1
2519	3045	2
2519	3067	16
2519	3132	2
2519	3183	2
2519	3243	3
2519	3261	9
2519	3269	19
2519	3330	3
2519	3371	5
2519	3442	4
2519	3517	6
2519	3607	1
2519	3811	3
2519	3863	3
2519	3928	1
2519	3951	4
2519	3957	1
2519	3979	2
2519	4018	4
2519	4169	3
2519	4182	4
2519	4184	2
2519	4187	4
2519	4191	10
2519	4245	1
2519	4285	9
2519	4304	2
2519	4318	2
2519	4348	9
2519	4445	2
2519	4509	9
2519	4521	2
2519	4539	1
2519	4606	3
2519	4622	1
2519	4657	1
2519	4691	1
2519	4855	2
2519	4860	3
2519	4995	1
2519	5039	1
2519	5049	17
2519	5114	16
2519	5173	5
2519	5188	1
2519	5237	11
2519	5270	3
2519	5306	1
2519	5327	10
2519	5351	1
2519	5418	3
2519	5464	1
2519	5526	3
2519	5632	2
2519	5633	1
2519	5639	5
2519	5738	3
2519	5753	1
2519	5784	2
2519	5802	1
2519	5820	1
2519	5852	2
2519	5872	5
2591	2653	1
2591	3132	1
2591	3183	1
2591	3928	1
2591	3957	1
2591	4622	2
2591	4676	1
2591	4947	1
2591	4998	2
2591	5008	1
2591	5172	1
2591	5179	1
2591	5188	1
2591	5237	1
2591	5281	2
2591	5327	1
2591	5335	1
2591	5418	1
2591	5438	1
2591	5660	1
2591	5852	1
2601	3098	1
2601	5114	1
2601	5464	1
2607	3928	1
2607	4182	1
2607	4187	1
2607	4191	1
2607	4676	2
2607	5049	1
2607	5327	2
2607	5526	1
2607	5660	2
2653	2956	1
2653	2984	1
2653	3132	1
2653	3202	1
2653	3203	1
2653	4486	1
2653	4789	1
2653	4998	1
2653	5114	1
2653	5179	1
2653	5188	2
2653	5237	1
2653	5327	1
2653	5418	2
2653	5438	2
2653	5464	1
2653	5738	1
2653	5784	1
2658	2984	1
2658	5468	1
2658	5632	1
2674	2690	1
2674	3202	1
2674	3203	1
2674	3608	1
2674	3628	1
2674	4486	1
2674	4670	1
2674	4872	1
2674	5114	1
2674	5230	1
2674	5423	1
2675	2676	1
2675	2984	1
2675	3476	1
2675	3863	1
2675	3981	1
2675	4285	1
2675	4999	1
2675	5114	2
2675	5172	3
2675	5312	1
2675	5327	1
2675	5423	1
2675	5430	2
2675	5526	1
2676	2690	1
2676	2711	1
2676	2956	1
2676	2984	1
2676	2995	1
2676	3067	2
2676	3183	1
2676	3957	1
2676	3981	1
2676	4521	1
2676	4789	1
2676	4828	1
2676	5049	1
2676	5172	1
2676	5327	1
2676	5423	1
2676	5526	2
2676	5652	1
2676	5802	1
2690	2706	1
2690	2708	1
2690	2711	2
2690	2984	3
2690	2991	1
2690	3183	1
2690	3203	1
2690	3517	1
2690	3957	1
2690	3979	2
2690	3981	1
2690	4184	1
2690	4445	1
2690	4521	2
2690	4539	1
2690	4860	1
2690	4872	1
2690	5114	1
2690	5179	1
2690	5188	1
2690	5189	1
2690	5230	1
2690	5237	1
2690	5423	2
2690	5526	1
2690	5753	1
2690	5802	1
2693	3067	1
2693	3243	1
2693	3607	1
2693	3741	1
2693	3863	1
2693	4348	1
2693	4445	1
2693	4509	2
2693	4657	1
2693	4742	1
2693	4855	1
2693	4860	1
2693	5039	1
2693	5237	2
2693	5270	1
2693	5327	1
2693	5738	1
2706	2708	1
2706	2711	6
2706	2984	2
2706	3132	1
2706	3330	1
2706	3397	1
2706	4003	1
2706	4206	1
2706	4606	1
2706	4872	1
2706	4998	1
2706	4999	1
2706	5068	1
2706	5114	1
2706	5172	1
2706	5179	1
2706	5188	3
2706	5189	1
2706	5237	1
2706	5309	1
2706	5312	1
2706	5327	1
2706	5331	1
2706	5418	1
2706	5438	2
2706	5820	1
2708	2711	1
2708	2863	1
2708	3261	1
2708	3269	1
2708	3371	1
2708	3442	1
2708	4191	1
2708	5039	1
2708	5114	1
2708	5172	1
2708	5179	1
2708	5188	1
2708	5189	1
2708	5327	1
2708	5335	1
2708	5738	1
2711	2984	2
2711	3132	1
2711	3330	1
2711	3957	1
2711	4003	1
2711	4206	1
2711	4509	1
2711	4521	1
2711	4606	1
2711	4670	2
2711	4860	1
2711	4872	1
2711	4998	1
2711	4999	1
2711	5068	1
2711	5114	3
2711	5172	1
2711	5179	1
2711	5188	2
2711	5189	1
2711	5230	1
2711	5237	1
2711	5309	1
2711	5312	1
2711	5327	1
2711	5331	1
2711	5418	1
2711	5423	1
2711	5438	2
2711	5526	1
2711	5621	1
2711	5802	1
2726	2956	1
2726	2984	2
2726	3045	1
2726	3067	4
2726	3118	1
2726	3132	1
2726	3202	1
2726	3243	1
2726	3628	1
2726	3777	3
2726	3811	1
2726	4187	1
2726	4486	1
2726	4509	1
2726	4575	1
2726	4707	1
2726	4828	1
2726	4860	1
2726	4998	1
2726	5049	3
2726	5068	1
2726	5114	1
2726	5179	5
2726	5188	4
2726	5230	1
2726	5306	1
2726	5327	2
2726	5418	2
2726	5423	1
2726	5633	1
2726	5652	2
2726	5766	1
2771	3100	1
2771	3132	1
2771	3410	1
2771	4212	1
2771	4998	1
2771	5270	1
2771	5738	1
2863	3243	1
2863	3863	1
2863	4486	1
2863	4670	1
2863	5418	1
2863	5526	1
2863	5738	1
2866	3067	4
2866	3132	1
2866	3261	1
2866	3269	2
2866	3330	1
2866	3371	1
2866	3517	1
2866	3928	1
2866	3951	1
2866	4169	2
2866	4184	1
2866	4509	2
2866	4606	1
2866	4860	1
2866	4947	1
2866	5039	1
2866	5049	2
2866	5114	2
2866	5237	1
2866	5327	3
2866	5335	1
2866	5526	1
2866	5738	1
2866	5802	1
2932	2984	1
2932	3098	1
2932	3335	2
2932	4245	2
2932	4251	2
2932	4534	1
2932	4539	1
2932	4622	2
2932	4635	2
2932	4995	2
2932	4996	2
2932	5114	1
2932	5237	1
2932	5429	2
2932	5820	1
2956	2984	4
2956	2991	1
2956	3067	4
2956	3183	1
2956	3202	1
2956	3748	1
2956	3951	2
2956	4018	1
2956	4182	1
2956	4184	1
2956	4187	1
2956	4191	1
2956	4285	1
2956	4318	1
2956	4348	1
2956	4486	1
2956	4789	3
2956	4828	1
2956	4996	1
2956	5049	3
2956	5179	4
2956	5188	2
2956	5189	1
2956	5237	2
2956	5418	1
2956	5468	1
2956	5526	1
2956	5652	3
2984	2991	2
2984	2995	8
2984	3045	2
2984	3098	1
2984	3100	1
2984	3113	1
2984	3118	2
2984	3132	4
2984	3183	1
2984	3202	1
2984	3203	1
2984	3243	2
2984	3251	1
2984	3330	1
2984	3476	1
2984	3517	1
2984	3951	1
2984	3981	5
2984	4003	1
2984	4169	1
2984	4184	1
2984	4206	3
2984	4318	2
2984	4445	1
2984	4486	1
2984	4509	1
2984	4534	1
2984	4539	3
2984	4606	1
2984	4622	1
2984	4635	2
2984	4657	1
2984	4707	1
2984	4742	1
2984	4860	1
2984	4872	2
2984	4998	4
2984	4999	5
2984	5008	1
2984	5068	2
2984	5114	24
2984	5172	3
2984	5179	2
2984	5188	3
2984	5237	2
2984	5306	1
2984	5312	3
2984	5327	8
2984	5331	2
2984	5351	1
2984	5418	1
2984	5429	1
2984	5430	2
2984	5438	2
2984	5461	1
2984	5468	1
2984	5526	2
2984	5621	1
2984	5632	1
2984	5738	2
2984	5753	1
2984	5796	1
2984	5820	1
2991	5179	1
2991	5188	1
2995	3098	1
2995	3100	1
2995	3243	1
2995	3251	1
2995	3476	1
2995	4206	1
2995	4872	1
2995	5114	3
2995	5429	1
2995	5461	1
2995	5796	1
2995	5820	1
3045	3067	3
3045	3183	1
3045	3261	1
3045	3269	1
3045	3741	1
3045	4182	1
3045	4187	1
3045	4191	1
3045	4348	1
3045	4445	1
3045	4707	2
3045	4789	1
3045	5039	1
3045	5049	2
3045	5173	1
3045	5188	1
3045	5189	1
3045	5327	1
3045	5526	1
3045	5820	2
3067	3132	3
3067	3183	4
3067	3243	1
3067	3261	5
3067	3269	10
3067	3330	1
3067	3371	1
3067	3517	5
3067	3607	1
3067	3741	1
3067	3748	2
3067	3863	4
3067	3928	1
3067	3951	2
3067	3979	1
3067	4018	1
3067	4169	2
3067	4182	2
3067	4184	3
3067	4187	2
3067	4191	6
3067	4245	1
3067	4285	7
3067	4318	2
3067	4348	10
3067	4445	1
3067	4509	2
3067	4539	1
3067	4606	3
3067	4615	1
3067	4691	1
3067	4707	1
3067	4742	1
3067	4789	1
3067	4828	2
3067	4860	2
3067	4947	1
3067	4996	1
3067	5039	4
3067	5049	17
3067	5068	1
3067	5114	13
3067	5173	4
3067	5189	2
3067	5237	4
3067	5270	4
3067	5306	2
3067	5327	11
3067	5335	1
3067	5418	1
3067	5464	2
3067	5468	1
3067	5526	4
3067	5639	3
3067	5652	3
3067	5738	3
3067	5784	1
3067	5872	3
3098	3100	2
3098	3132	1
3098	3203	1
3098	3243	1
3098	3951	1
3098	3981	1
3098	4521	1
3098	4622	1
3098	4670	1
3098	4742	1
3098	4999	1
3098	5114	6
3098	5237	1
3098	5309	1
3098	5312	2
3098	5327	2
3098	5331	1
3098	5335	2
3098	5820	1
3100	3132	1
3100	3203	1
3100	3243	1
3100	3410	1
3100	3741	1
3100	3748	1
3100	4999	1
3100	5068	1
3100	5114	4
3100	5327	3
3100	5331	1
3100	5335	1
3100	5654	1
3100	5738	1
3113	3132	1
3113	3335	1
3113	3397	1
3113	4235	1
3113	5068	1
3113	5114	1
3113	5312	1
3118	3132	4
3118	4182	1
3118	4187	1
3118	4657	1
3118	4691	1
3118	4707	1
3118	4742	1
3118	5068	1
3118	5114	5
3118	5237	1
3118	5327	2
3118	5461	1
3118	5621	1
3118	5654	1
3118	5738	1
3128	3748	1
3128	4691	1
3128	4707	1
3128	5114	1
3128	5172	1
3128	5327	1
3132	3203	1
3132	3243	2
3132	3251	2
3132	3335	1
3132	3397	1
3132	3410	1
3132	3517	4
3132	3607	1
3132	3608	1
3132	3951	1
3132	3957	1
3132	3981	2
3132	4182	1
3132	4184	2
3132	4187	1
3132	4191	1
3132	4206	2
3132	4212	1
3132	4245	1
3132	4304	1
3132	4324	1
3132	4521	1
3132	4539	1
3132	4575	1
3132	4622	1
3132	4670	2
3132	4678	1
3132	4691	1
3132	4707	1
3132	4742	1
3132	4998	1
3132	4999	1
3132	5039	1
3132	5049	3
3132	5068	1
3132	5114	24
3132	5172	1
3132	5188	1
3132	5230	2
3132	5237	5
3132	5300	1
3132	5309	1
3132	5312	6
3132	5327	14
3132	5331	3
3132	5335	2
3132	5351	3
3132	5418	1
3132	5438	1
3132	5461	3
3132	5464	1
3132	5621	1
3132	5738	3
3132	5796	2
3183	3261	1
3183	3269	2
3183	3863	1
3183	3951	1
3183	3979	1
3183	3981	1
3183	4184	2
3183	4206	1
3183	4285	1
3183	4348	2
3183	4789	1
3183	4828	1
3183	4999	1
3183	5039	1
3183	5049	3
3183	5114	2
3183	5179	1
3183	5189	1
3183	5230	1
3183	5237	1
3183	5270	1
3183	5281	1
3183	5306	1
3183	5327	2
3183	5652	1
3183	5738	1
3202	3203	5
3202	3335	2
3202	3628	1
3202	3777	1
3202	3811	2
3202	4206	1
3202	4486	3
3202	4860	1
3202	5179	1
3202	5230	1
3202	5237	2
3202	5464	1
3202	5784	1
3203	3243	1
3203	3335	1
3203	3628	1
3203	4206	1
3203	4445	1
3203	4486	2
3203	5114	2
3203	5179	1
3203	5188	1
3203	5230	1
3203	5327	2
3203	5331	1
3203	5464	1
3203	5784	1
3243	3251	7
3243	3269	2
3243	3397	1
3243	3607	3
3243	3608	1
3243	3863	1
3243	3979	1
3243	4187	1
3243	4191	1
3243	4509	4
3243	4521	1
3243	4539	1
3243	4606	1
3243	4622	1
3243	4657	1
3243	4855	1
3243	4860	2
3243	4872	1
3243	5049	1
3243	5114	6
3243	5237	3
3243	5327	1
3243	5430	1
3243	5621	1
3243	5654	1
3243	5784	1
3243	5802	1
3243	5820	1
3251	3397	1
3251	3607	1
3251	3608	1
3251	4539	1
3251	4622	1
3251	4657	1
3251	4872	1
3251	5114	3
3251	5237	1
3251	5621	1
3251	5802	1
3261	3269	6
3261	3330	1
3261	3371	2
3261	3442	3
3261	3811	1
3261	3863	1
3261	3951	1
3261	3957	1
3261	3979	1
3261	4169	2
3261	4182	1
3261	4184	1
3261	4187	1
3261	4191	3
3261	4285	2
3261	4304	1
3261	4348	3
3261	4615	1
3261	4947	1
3261	5039	1
3261	5049	3
3261	5114	2
3261	5173	2
3261	5237	1
3261	5327	4
3261	5351	1
3261	5418	1
3261	5633	1
3261	5738	1
3261	5753	1
3261	5852	1
3261	5872	1
3269	3330	3
3269	3371	2
3269	3442	3
3269	3517	2
3269	3811	1
3269	3863	2
3269	3951	3
3269	3979	1
3269	4018	1
3269	4169	1
3269	4182	1
3269	4184	2
3269	4187	1
3269	4191	5
3269	4285	7
3269	4304	1
3269	4348	9
3269	4445	1
3269	4509	4
3269	4521	1
3269	4606	2
3269	4691	1
3269	4707	1
3269	4947	1
3269	5039	1
3269	5049	7
3269	5114	6
3269	5173	5
3269	5237	4
3269	5270	3
3269	5306	1
3269	5327	7
3269	5351	1
3269	5418	2
3269	5464	1
3269	5526	2
3269	5639	2
3269	5738	2
3269	5753	1
3269	5784	1
3269	5802	1
3269	5852	1
3269	5872	5
3330	4018	1
3330	4184	1
3330	4191	1
3330	4285	1
3330	4606	3
3330	4947	1
3330	4995	1
3330	4998	2
3330	4999	1
3330	5049	1
3330	5114	1
3330	5327	1
3330	5418	2
3330	5872	1
3335	3928	1
3335	4212	1
3335	4245	3
3335	4251	3
3335	4622	5
3335	4635	3
3335	4947	1
3335	4995	2
3335	4996	2
3335	4998	1
3335	4999	1
3335	5008	2
3335	5049	1
3335	5068	1
3335	5114	4
3335	5188	1
3335	5189	1
3335	5230	1
3335	5237	2
3335	5281	2
3335	5327	1
3335	5331	1
3335	5418	1
3335	5429	3
3371	3442	3
3371	3811	1
3371	3979	1
3371	4169	1
3371	4191	1
3371	4285	1
3371	4304	1
3371	4348	1
3371	4509	2
3371	4521	1
3371	4860	1
3371	5173	1
3371	5237	1
3371	5418	1
3371	5852	1
3397	3811	1
3397	3951	1
3397	4003	1
3397	4245	1
3397	4348	1
3397	4509	1
3397	4622	3
3397	4648	1
3397	4670	1
3397	4872	1
3397	5008	1
3397	5114	1
3397	5173	1
3397	5188	1
3397	5237	3
3397	5327	2
3397	5335	1
3397	5632	1
3397	5784	1
3397	5852	2
3410	3517	1
3410	3741	1
3410	5738	2
3410	5766	1
3442	3811	1
3442	3979	1
3442	4169	1
3442	4191	1
3442	4285	1
3442	4304	1
3442	4348	1
3442	4509	1
3442	4521	1
3442	4828	1
3442	5173	1
3442	5237	2
3442	5418	1
3442	5753	1
3442	5802	1
3442	5852	1
3442	5872	2
3476	4235	1
3476	4998	1
3476	5114	1
3517	3741	1
3517	3928	1
3517	4182	1
3517	4187	1
3517	4235	1
3517	4245	1
3517	4251	1
3517	4285	1
3517	4348	2
3517	4445	1
3517	4521	1
3517	4539	2
3517	4575	1
3517	4622	1
3517	4678	1
3517	4691	1
3517	5008	1
3517	5039	1
3517	5049	5
3517	5068	1
3517	5114	9
3517	5173	1
3517	5230	1
3517	5237	3
3517	5270	1
3517	5327	6
3517	5331	1
3517	5335	2
3517	5526	1
3517	5639	1
3517	5738	2
3517	5820	1
3517	5872	1
3607	3608	3
3607	3863	1
3607	4324	1
3607	4509	1
3607	4622	1
3607	4855	1
3607	4860	2
3607	5114	2
3607	5237	1
3607	5784	1
3608	4206	1
3608	4324	1
3608	4622	1
3608	4998	1
3608	5114	4
3608	5753	1
3608	5796	1
3628	3811	1
3628	4486	1
3628	5008	1
3628	5230	1
3628	5468	1
3628	5802	1
3741	3863	1
3741	4348	1
3741	4998	1
3741	5039	1
3741	5114	1
3741	5270	1
3741	5327	1
3741	5526	1
3741	5654	1
3748	3863	1
3748	4657	1
3748	5068	2
3748	5114	1
3748	5237	1
3748	5327	2
3748	5418	1
3748	5464	1
3748	5652	1
3748	5738	1
3777	3811	1
3777	4789	1
3777	5179	2
3777	5188	1
3777	5418	1
3811	3951	1
3811	3979	1
3811	4018	1
3811	4182	1
3811	4187	1
3811	4191	1
3811	4285	1
3811	4304	1
3811	4348	2
3811	4509	1
3811	4860	1
3811	5173	2
3811	5179	1
3811	5327	1
3811	5418	1
3811	5468	1
3811	5632	1
3811	5784	1
3811	5802	1
3811	5852	1
3863	4184	1
3863	4191	1
3863	4285	2
3863	4348	2
3863	4860	1
3863	5039	1
3863	5049	2
3863	5114	4
3863	5172	1
3863	5270	1
3863	5306	1
3863	5327	3
3863	5418	1
3863	5423	1
3863	5464	1
3863	5526	1
3863	5738	2
3863	5784	1
3928	4169	1
3928	4509	2
3928	4606	2
3928	4622	1
3928	4707	1
3928	4855	1
3928	5049	2
3928	5068	1
3928	5114	1
3928	5309	1
3928	5327	4
3928	5418	1
3928	5429	1
3928	5526	3
3951	3957	1
3951	3981	1
3951	4003	1
3951	4191	1
3951	4285	2
3951	4348	3
3951	4509	2
3951	4521	1
3951	4670	1
3951	4742	1
3951	5008	1
3951	5039	1
3951	5049	2
3951	5114	4
3951	5172	1
3951	5173	2
3951	5179	2
3951	5237	2
3951	5270	2
3951	5312	2
3951	5327	2
3951	5351	1
3951	5468	1
3951	5632	1
3951	5652	1
3951	5784	1
3951	5802	1
3951	5852	2
3951	5872	1
3957	3981	2
3957	4521	1
3957	4635	1
3957	5114	3
3957	5312	1
3957	5327	1
3957	5423	1
3957	5526	1
3957	5802	1
3957	5852	1
3979	4184	1
3979	4285	1
3979	4304	1
3979	4348	1
3979	4860	1
3979	4872	1
3979	5049	1
3979	5114	2
3979	5173	1
3979	5230	1
3979	5237	1
3979	5418	1
3979	5796	1
3979	5820	1
3981	4184	1
3981	4206	1
3981	4235	1
3981	4245	1
3981	4251	1
3981	4521	1
3981	4534	1
3981	4539	3
3981	4635	1
3981	4670	1
3981	4742	1
3981	4995	1
3981	4998	1
3981	4999	3
3981	5008	1
3981	5114	6
3981	5172	4
3981	5237	1
3981	5300	1
3981	5306	4
3981	5309	1
3981	5312	4
3981	5327	3
3981	5430	1
3981	5526	1
3981	5753	1
4003	5039	1
4003	5114	1
4003	5188	1
4003	5438	1
4018	4169	1
4018	4182	2
4018	4184	1
4018	4187	2
4018	4191	2
4018	4285	2
4018	4318	1
4018	4348	1
4018	4606	1
4018	5327	1
4018	5418	1
4018	5526	1
4018	5872	1
4169	4509	1
4169	4606	1
4169	4860	1
4169	5049	1
4169	5114	1
4169	5237	1
4169	5327	1
4169	5526	1
4169	5753	1
4169	5872	1
4182	4184	1
4182	4187	8
4182	4191	4
4182	4285	1
4182	4318	1
4182	4348	2
4182	4691	1
4182	4707	1
4182	5049	2
4182	5114	4
4182	5173	1
4182	5327	5
4182	5335	1
4182	5526	1
4184	4187	1
4184	4191	2
4184	4206	1
4184	4285	2
4184	4318	1
4184	4348	1
4184	4947	1
4184	4999	1
4184	5049	1
4184	5114	4
4184	5230	1
4184	5237	1
4184	5306	2
4184	5327	4
4184	5461	1
4184	5464	1
4184	5526	2
4184	5796	1
4187	4191	4
4187	4251	1
4187	4285	1
4187	4318	1
4187	4348	2
4187	4691	1
4187	4707	1
4187	5049	3
4187	5114	4
4187	5173	1
4187	5327	6
4187	5335	1
4187	5526	1
4191	4285	4
4191	4318	1
4191	4348	3
4191	4509	1
4191	4606	1
4191	5049	4
4191	5114	3
4191	5173	2
4191	5237	1
4191	5270	1
4191	5306	1
4191	5327	4
4191	5464	1
4191	5526	2
4191	5872	1
4206	4212	1
4206	4635	1
4206	4998	1
4206	4999	1
4206	5114	10
4206	5306	1
4206	5312	3
4206	5327	4
4206	5351	1
4206	5438	1
4206	5820	1
4212	4998	2
4212	5114	3
4212	5270	1
4212	5281	2
4212	5306	1
4212	5312	1
4212	5327	1
4212	5621	2
4235	4534	1
4235	4539	1
4235	4678	1
4235	4998	1
4235	4999	1
4235	5008	1
4235	5172	1
4235	5306	1
4235	5309	1
4235	5312	2
4235	5430	1
4245	4251	4
4245	4539	1
4245	4622	3
4245	4635	2
4245	4995	2
4245	4996	2
4245	4999	1
4245	5008	1
4245	5049	1
4245	5114	4
4245	5237	2
4245	5306	1
4245	5327	2
4245	5335	1
4245	5429	2
4251	4622	3
4251	4635	2
4251	4995	2
4251	4996	2
4251	4999	1
4251	5008	1
4251	5114	2
4251	5237	1
4251	5306	1
4251	5327	1
4251	5429	2
4285	4304	1
4285	4318	1
4285	4348	6
4285	4445	1
4285	4606	1
4285	5039	1
4285	5049	5
4285	5114	6
4285	5172	1
4285	5173	4
4285	5270	2
4285	5306	1
4285	5327	3
4285	5418	2
4285	5423	1
4285	5464	1
4285	5526	3
4285	5639	2
4285	5872	4
4304	4324	1
4304	4348	1
4304	5049	1
4304	5114	1
4304	5173	1
4304	5230	1
4304	5327	1
4304	5418	1
4304	5753	1
4318	4348	1
4318	4509	1
4318	4998	1
4318	4999	1
4318	5114	2
4318	5237	1
4318	5327	1
4318	5526	1
4324	4534	1
4324	5114	2
4324	5230	1
4348	4445	1
4348	4509	1
4348	4691	1
4348	4707	1
4348	5039	2
4348	5049	6
4348	5114	5
4348	5173	6
4348	5270	4
4348	5327	6
4348	5418	1
4348	5526	2
4348	5632	1
4348	5639	2
4348	5738	1
4348	5784	1
4348	5852	1
4348	5872	3
4445	4509	1
4445	4657	1
4445	4789	1
4445	5049	1
4445	5114	1
4445	5173	1
4445	5237	1
4445	5327	1
4445	5418	1
4445	5526	1
4445	5639	1
4445	5872	1
4486	5049	1
4486	5179	1
4486	5188	1
4486	5189	1
4486	5230	1
4486	5237	1
4486	5464	1
4486	5526	1
4486	5652	1
4486	5784	1
4509	4521	1
4509	4606	3
4509	4622	2
4509	4657	1
4509	4670	2
4509	4707	1
4509	4855	1
4509	4860	2
4509	4872	1
4509	4998	1
4509	4999	1
4509	5049	1
4509	5114	3
4509	5173	1
4509	5179	1
4509	5230	1
4509	5237	7
4509	5327	2
4509	5526	1
4509	5621	1
4509	5632	1
4509	5639	1
4509	5784	1
4509	5802	1
4509	5852	2
4521	4670	1
4521	4742	1
4521	5114	2
4521	5237	3
4521	5312	1
4521	5423	1
4521	5526	1
4521	5654	1
4521	5802	1
4521	5852	1
4534	4539	2
4534	4691	1
4534	5114	1
4534	5172	1
4534	5306	1
4534	5309	1
4534	5312	1
4534	5327	1
4539	4657	1
4539	4995	1
4539	4998	1
4539	5049	1
4539	5114	6
4539	5172	2
4539	5237	1
4539	5306	1
4539	5309	1
4539	5312	1
4539	5327	2
4539	5461	1
4539	5621	1
4539	5753	1
4539	5802	1
4575	4670	1
4575	5114	3
4575	5237	1
4575	5327	1
4575	5633	1
4606	4678	1
4606	4995	1
4606	4996	1
4606	4998	3
4606	4999	1
4606	5049	2
4606	5114	2
4606	5281	1
4606	5327	3
4606	5335	1
4606	5418	4
4606	5526	1
4606	5639	1
4606	5738	1
4606	5872	1
4615	4622	1
4615	4855	1
4615	5114	1
4622	4635	3
4622	4648	1
4622	4670	1
4622	4678	2
4622	4947	3
4622	4995	2
4622	4996	2
4622	4999	1
4622	5008	2
4622	5114	6
4622	5188	1
4622	5189	1
4622	5230	2
4622	5237	2
4622	5306	1
4622	5312	1
4622	5327	1
4622	5429	3
4622	5766	1
4635	4995	2
4635	4996	2
4635	4998	3
4635	5008	2
4635	5068	1
4635	5114	7
4635	5172	1
4635	5188	1
4635	5189	1
4635	5237	1
4635	5312	1
4635	5429	3
4648	4670	1
4648	4855	1
4657	4742	1
4657	5008	1
4657	5068	1
4657	5114	1
4657	5237	1
4657	5327	1
4657	5331	1
4657	5464	1
4657	5738	1
4657	5802	1
4670	4742	1
4670	4860	1
4670	4872	2
4670	4999	1
4670	5114	4
4670	5230	1
4670	5237	2
4670	5312	1
4670	5621	1
4676	5660	5
4678	5230	1
4678	5306	1
4678	5327	1
4678	5418	1
4691	4707	2
4691	5049	1
4691	5114	4
4691	5172	1
4691	5270	1
4691	5327	3
4707	5008	1
4707	5114	3
4707	5172	1
4707	5327	3
4707	5526	1
4742	4998	1
4742	5114	2
4742	5188	1
4742	5237	2
4742	5312	1
4742	5327	1
4742	5468	1
4742	5738	2
4789	4828	1
4789	5049	1
4789	5652	1
4828	5049	1
4828	5652	1
4828	5802	1
4828	5872	1
4855	4860	1
4855	5049	1
4855	5114	1
4855	5237	1
4855	5300	1
4855	5309	1
4860	4872	4
4860	5114	1
4860	5179	1
4860	5230	1
4860	5237	2
4860	5621	1
4860	5784	1
4872	5114	1
4872	5188	1
4872	5230	1
4872	5237	2
4872	5621	1
4947	5237	1
4947	5327	1
4995	4996	2
4995	4998	3
4995	5049	1
4995	5114	3
4995	5172	1
4995	5237	1
4995	5300	1
4995	5309	1
4995	5429	2
4995	5526	1
4995	5633	1
4996	5008	1
4996	5049	1
4996	5114	1
4996	5189	1
4996	5237	1
4996	5306	1
4996	5327	1
4996	5418	1
4996	5429	2
4998	4999	3
4998	5008	1
4998	5114	8
4998	5172	1
4998	5179	1
4998	5188	2
4998	5270	1
4998	5281	1
4998	5309	1
4998	5327	2
4998	5335	1
4998	5418	4
4998	5438	2
4998	5526	2
4998	5652	1
4998	5738	1
4999	5008	5
4999	5114	10
4999	5237	1
4999	5300	1
4999	5306	2
4999	5327	3
4999	5335	2
4999	5418	1
4999	5430	3
4999	5738	1
5008	5068	1
5008	5114	6
5008	5172	1
5008	5188	1
5008	5189	1
5008	5230	1
5008	5281	2
5008	5306	2
5008	5312	1
5008	5327	2
5008	5331	1
5008	5351	1
5008	5429	1
5008	5430	1
5008	5738	1
5039	5049	2
5039	5114	2
5039	5172	1
5039	5173	1
5039	5189	1
5039	5270	1
5039	5327	3
5039	5335	1
5039	5633	1
5039	5639	1
5039	5738	1
5039	5872	1
5049	5114	18
5049	5173	3
5049	5179	3
5049	5188	1
5049	5189	1
5049	5237	2
5049	5270	2
5049	5306	1
5049	5327	9
5049	5335	1
5049	5464	1
5049	5526	4
5049	5633	1
5049	5639	3
5049	5652	4
5049	5738	2
5049	5872	2
5068	5114	5
5068	5335	1
5068	5418	1
5068	5464	1
5068	5738	2
5114	5172	7
5114	5173	2
5114	5188	5
5114	5189	1
5114	5230	2
5114	5237	9
5114	5270	2
5114	5300	1
5114	5306	1
5114	5309	1
5114	5312	9
5114	5327	34
5114	5331	4
5114	5335	10
5114	5351	3
5114	5418	1
5114	5423	1
5114	5429	2
5114	5430	1
5114	5438	2
5114	5461	5
5114	5464	1
5114	5526	3
5114	5621	8
5114	5633	1
5114	5639	3
5114	5654	3
5114	5738	5
5114	5753	1
5114	5796	3
5114	5802	1
5114	5872	2
5172	5306	1
5172	5309	2
5172	5312	5
5172	5327	4
5172	5331	1
5172	5351	1
5172	5423	1
5172	5526	1
5172	5852	1
5173	5270	1
5173	5327	3
5173	5418	1
5173	5526	1
5173	5632	1
5173	5639	2
5173	5784	1
5173	5852	1
5173	5872	3
5179	5188	9
5179	5189	1
5179	5281	1
5179	5327	1
5179	5418	2
5179	5464	1
5179	5468	1
5179	5639	1
5179	5652	3
5188	5189	2
5188	5237	1
5188	5306	1
5188	5327	3
5188	5418	2
5188	5429	1
5188	5438	2
5188	5464	1
5188	5652	1
5189	5429	1
5189	5766	1
5230	5237	4
5230	5327	1
5230	5331	1
5230	5335	1
5230	5418	1
5230	5621	1
5230	5738	1
5230	5766	1
5237	5281	1
5237	5312	1
5237	5327	2
5237	5331	1
5237	5335	1
5237	5418	1
5237	5429	1
5237	5464	1
5237	5468	1
5237	5621	1
5237	5639	1
5237	5652	1
5237	5738	1
5237	5753	1
5237	5784	2
5237	5802	1
5237	5852	2
5237	5872	1
5270	5327	3
5270	5872	1
5281	5306	1
5281	5327	1
5306	5309	1
5306	5312	1
5306	5327	2
5306	5464	1
5306	5526	1
5306	5652	1
5309	5312	2
5309	5327	1
5309	5331	1
5309	5526	1
5312	5327	3
5312	5331	1
5312	5351	4
5312	5621	1
5327	5331	7
5327	5335	7
5327	5351	4
5327	5418	2
5327	5423	1
5327	5430	2
5327	5438	1
5327	5461	2
5327	5464	1
5327	5526	3
5327	5621	2
5327	5632	1
5327	5633	1
5327	5639	2
5327	5738	3
5327	5796	1
5327	5852	1
5327	5872	2
5331	5335	2
5331	5738	2
5335	5738	3
5351	5464	1
5351	5621	1
5418	5438	1
5418	5738	1
5418	5872	1
5423	5526	1
5423	5802	1
5461	5621	1
5461	5796	2
5464	5526	1
5464	5738	1
5464	5784	1
5468	5802	1
5526	5639	1
5526	5738	1
5526	5802	1
5526	5872	1
5621	5654	1
5632	5639	1
5632	5784	1
5632	5852	1
5633	5738	1
5639	5784	1
5639	5872	2
5753	5796	1
5753	5872	1
5784	5852	1
5802	5872	1
